f_val_log
0 (step0) 36.147894515785566 36.147894515785566
1 (step4) 34.64711662149286 34.64711662149286
2 (step7) 31.38072720671999 31.38072720671999
3 (step10) 26.20152398897922 26.20152398897922
4 (step13) 20.075198431498343 20.075198431498343
5 (step16) 15.894886334984664 14.107134437872965
6 (step19) 15.888722270931677 14.119556393731795
7 (step49) 15.888722271295075 14.11955636804953
8 (step53) 15.671728707494495 14.913471966605432
9 (step56) 15.67198506158039 14.90327101281748
f_grad_log
0 (step0) [-22.50724905  -0.13683429  -0.1954664   -0.51435379  -1.8240151    0.          -1.17696387]
1 (step4) [-23.88083326  -0.15086175  -0.1903717   -0.53037889  -1.86151032   0.          -1.18834343]
2 (step7) [-26.50463071  -0.16447168  -0.18189601  -0.53022268  -1.84516461   0.          -1.17061898]
3 (step10) [-30.16722623  -0.3738101   -0.11087552   0.94075409  -2.81943111   0.          -1.30914009]
4 (step13) [-31.4978337   -0.48821697   0.21387135   1.24920497  -2.59327296   0.          -0.77836389]
5 (step16) [14.13785629 -0.385867    0.12723093 -0.25311419 -0.64063611  0.         -0.63202044]
6 (step19) [13.96192157 -0.38599502  0.12713514 -0.25341275 -0.64095243  0.         -0.63241193]
7 (step49) [13.96198695 -0.38599426  0.12713469 -0.25341092 -0.64095008  0.         -0.63241061]
8 (step53) [ 0.2771194  -0.3992381   0.12620643 -0.29742235 -0.69547998  0.         -0.66606725]
9 (step56) [ 0.25034308 -0.39846504  0.12482328 -0.30288889 -0.69405134  0.         -0.66919721]
param_log
0 (step0) [1.606 3.539 3.364 1.83  1.78  3.419 3.065]
1 (step4) [1.67024    3.53939055 3.3645579  1.83146806 1.78520609 3.419      3.06835928]
2 (step7) [1.79872    3.54017165 3.3656737  1.83440419 1.79561827 3.419      3.07507784]
3 (step10) [1.978592   3.5412652  3.36723581 1.83851477 1.81019531 3.419      3.08448383]
4 (step13) [2.1764512  3.5424681  3.36895414 1.84303641 1.82623007 3.419      3.09483041]
5 (step16) [2.37326744 3.54366465 3.37066341 1.84753421 1.8421803  3.419      3.10512245]
6 (step19) [2.37282768 3.54366198 3.37065959 1.84752416 1.84214466 3.419      3.10509946]
7 (step49) [2.37282768 3.54366198 3.37065959 1.84752416 1.84214466 3.419      3.10509946]
8 (step53) [2.34493428 3.54443313 3.3704056  1.84803044 1.84342518 3.419      3.10636291]
9 (step56) [2.34529103 3.54442327 3.37040885 1.84802396 1.8434088  3.419      3.10634676]
d_vec_log
0 (step0) [ 0.99506831  0.00604958  0.00864177  0.0227401   0.08064156 -0.          0.05203477]
1 (step19) [ 0.93507648  0.05814584  0.0074655   0.08514996  0.27324968 -0.          0.20069728]
2 (step49) [-0.99734267  0.02757287 -0.00908158  0.01810213  0.04578575 -0.          0.04517553]
ss_log
1 (step4) 0.06455838222316655
2 (step7) 0.1291167644463331
3 (step10) 0.18076347022486636
4 (step13) 0.19883981724735297
5 (step16) 0.19779168345829437
6 (step19) -0.00044193107807023117
7 (step49) 6.601838218133696e-10
8 (step53) 0.02796772206798199
9 (step56) -0.00035769429330462634
angle_log
1 (step4) -0.9999916852637186
2 (step7) -0.9998977538533872
3 (step10) -0.9984084966720123
4 (step13) -0.9975245841724257
5 (step16) 0.9860340359274815
6 (step19) 0.9858813017827013
7 (step49) 0.9079378124531373
8 (step53) -0.3160294741992977
9 (step56) -0.29355302449068477
